1 phone 120 1e+006 56543 20251211
2 phone 120 1e+006 56543 20251211
3 phone 120 1e+006 56543 20251211
4 phone 120 1e+006 56543 20251211
5 phone 120 1e+006 56543 20251211
6 phone 120 1e+006 56543 20251211
7 phone 120 1e+006 56543 20251211
8 phone 120 1e+006 56543 20251211
9 phone 120 1e+006 56543 20251211
10 phone 120 1e+006 56543 20251211
11 phone 120 1e+006 56543 20251211
12 phone 120 1e+006 56543 20251211
13 phone 120 1e+006 56543 20251211
14 phone 120 1e+006 56543 20251211
15 phone 120 1e+006 56543 20251211
16 phone 120 1e+006 56543 20251211
17 phone 120 1e+006 56543 20251211
18 phone 120 1e+006 56543 20251211
